1.75148688, 1.83734840362, 2.1172204885, 2.6822898915, 3.81512721609, 6.64692360928, 23.6687455876, 16.7602415708, 6.45581754204, 4.08734029284, 3.03929972505, 2.44846212343, 2.06939015699, 1.80576494661, 1.61210458358, 1.46414516997, 1.34776419225, 1.25418525678, 1.17766913872, 1.11430646965, 1.06134499483, 1.01679389939, 0.979180947422, 0.947397840605, 0.920598518796, 0.89813071336, 0.879488713013, 0.864280225371, 0.852202952412, 0.843028148322, 0.836587998124, 0.832768267952
2.07758489, 2.15886514201, 2.42654204206, 2.97516088481, 4.08907156322, 6.88441067251, 23.1111431151, 17.4590118656, 6.47639069462, 4.02844663148, 2.95884851619, 2.36139893285, 1.98108468882, 1.71843246507, 1.52668723225, 1.38100756743, 1.26699028749, 1.17571864043, 1.10138304537, 1.04004078535, 0.988926006852, 0.946044855677, 0.909927740979, 0.87947189763, 0.853837776534, 0.832379962878, 0.814599310839, 0.800109357772, 0.78861298106, 0.779885515932, 0.773762582641, 0.770132227689
2.69701461, 2.77411480217, 3.02975444746, 3.55926433278, 4.64444807194, 7.3693241937, 22.4118982681, 18.3199933842, 6.28741935136, 3.73508011457, 2.64378713998, 2.04496429183, 1.67017777443, 1.41559639969, 1.23271892384, 1.09591964514, 0.990424703873, 0.90714251785, 0.840187925814, 0.785594460118, 0.740599779961, 0.70322769523, 0.67203253795, 0.645937852355, 0.624130299554, 0.60598908869, 0.59103721408, 0.57890785908, 0.569320303137, 0.562063488523, 0.556983564355, 0.553976043724
1.56917014, 1.66060722265, 1.95383569965, 2.53066448341, 3.6509739173, 6.32310232704, 19.6746134171, 21.0577554727, 7.27496037316, 4.51858086277, 3.34080905807, 2.68639145034, 2.26950639812, 1.98066126819, 1.76888870968, 1.60724878571, 1.48015899634, 1.37797764464, 1.29441837446, 1.22520838448, 1.16734381008, 1.118654052, 1.07753503, 1.04277946475, 1.01346614383, 0.988884922302, 0.96848503852, 0.951839541244, 0.938619157771, 0.928574681674, 0.921523488643, 0.917341070656
2.4863091, 2.55944347344, 2.8009593637, 3.29673708967, 4.29551485069, 6.71138591141, 18.0299977502, 22.6114950081, 6.8111892486, 3.97045458665, 2.80320637422, 2.17301312578, 1.78159539953, 1.51664211231, 1.32653690867, 1.18430121975, 1.07449821464, 0.987679231917, 0.91775158083, 0.86061981306, 0.813437126826, 0.774169092839, 0.741328484356, 0.713807986144, 0.690770875383, 0.671578174927, 0.655738858243, 0.642874945032, 0.632697164733, 0.624987668416, 0.619587775292, 0.616389592236
2.32537499, 2.39048053648, 2.60509331397, 3.04366798439, 3.9186614075, 5.98654411252, 14.793246555, 25.2703345124, 6.62992256038, 3.75373520676, 2.6129171655, 2.00680113554, 1.6339932959, 1.38337929244, 1.20453076046, 1.07131260547, 0.968862408546, 0.888126745137, 0.823290276681, 0.770456892749, 0.726926136667, 0.690772954823, 0.66059343541, 0.635344447598, 0.614239209829, 0.596678114781, 0.582200923857, 0.570453932228, 0.561166812117, 0.554136111381, 0.549213876918, 0.546299389122
0.10129259, 0.36190325238, 0.753284528418, 1.28118056595, 2.12075314127, 3.8502596138, 10.2507700143, 28.6401607087, 6.77375774127, 4.00168071753, 2.92277802637, 2.34347921449, 1.98005150915, 1.73004372187, 1.54732785039, 1.40801914837, 1.29848527583, 1.21036499668, 1.13823849246, 1.07843568443, 1.02838267219, 0.986221963063, 0.950581846742, 0.920430144657, 0.894979233089, 0.873621458558, 0.855885799095, 0.841406467157, 0.829901536564, 0.821157324861, 0.815017364774, 0.811374810091
1.12897504, 1.16650685694, 1.28902918127, 1.53457096641, 2.00916622745, 3.06882050684, 6.86446384543, 30.2593058254, 4.85959757557, 2.61636240639, 1.81521651578, 1.40405651264, 1.15458185274, 0.987618454676, 0.868432900355, 0.779400837288, 0.710637624468, 0.656176711029, 0.612207987227, 0.576187888397, 0.546356059784, 0.521458388259, 0.500579606072, 0.483038694068, 0.46832125701, 0.456034242379, 0.445875313342, 0.437611717357, 0.431064956592, 0.426100712822, 0.422620901367, 0.420558804774
0.59981831, 0.613858270515, 0.659912706635, 0.752949117161, 0.934385287508, 1.34335336054, 2.84189923216, 31.5721713013, 2.35600529291, 1.04926353045, 0.668475369087, 0.486800510662, 0.381103592579, 0.312534740928, 0.264856687207, 0.230070748663, 0.203782063268, 0.183379184719, 0.167216318013, 0.154207158251, 0.143608169797, 0.134895047103, 0.127688743413, 0.121709959102, 0.116749806899, 0.112649854681, 0.109289396437, 0.106576154107, 0.104439843729, 0.10282786425, 0.101702117081, 0.101036638718
0.44059933, 0.450688716929, 0.483758287442, 0.550479797888, 0.680558661711, 0.975918685661, 2.11967381738, 31.8803290601, 2.12699736135, 0.864216540994, 0.53233832162, 0.381438156281, 0.29583948287, 0.241143249551, 0.203486299736, 0.176201276539, 0.155685447834, 0.139824149678, 0.127296696534, 0.117237757079, 0.109058397351, 0.102345125211, 0.0968002263176, 0.0922050129239, 0.0883961495176, 0.0852503426696, 0.0826736116612, 0.080594162106, 0.0789576876701, 0.077723263939, 0.0768614003102, 0.0763519466094
1.06705054, 1.10040885126, 1.20822769615, 1.41950033845, 1.81085457728, 2.61338189621, 4.91705531173, 30.0472394587, 7.18762868282, 3.26566333254, 2.13281761254, 1.60167180499, 1.29461127054, 1.09516709998, 0.955646359779, 0.852923910071, 0.774441776298, 0.712799818915, 0.663359775717, 0.623070556328, 0.589845916467, 0.562214169779, 0.539110103178, 0.519746600278, 0.503532652863, 0.490018788841, 0.478860961691, 0.469794943639, 0.462619042439, 0.457181418288, 0.453371733108, 0.451114947178
0.3278827, 0.469083823106, 0.783732421882, 1.23284927753, 1.91013800859, 3.11538168981, 6.08448589404, 25.434288144, 14.3063898726, 6.07941008021, 3.9803374277, 3.0272013998, 2.48012755246, 2.12406679238, 1.87350324523, 1.68762923221, 1.54447314502, 1.43113898002, 1.33955075143, 1.26438973813, 1.20200990868, 1.14982996103, 1.10597387538, 1.06904943322, 1.03800633622, 1.01204249383, 0.990541175719, 0.973027010197, 0.959135708887, 0.948592492017, 0.941196827433, 0.936812243687
2.76015521, 2.80925237273, 2.96782914137, 3.27693729792, 3.83907997297, 4.93416768685, 7.6144414302, 20.7934777126, 19.9311547626, 6.2532137721, 3.47838972018, 2.32394696625, 1.69709688499, 1.30663564184, 1.04194301798, 0.851833737493, 0.709404049584, 0.599186546591, 0.511676257244, 0.440725138128, 0.382193162441, 0.333202967716, 0.291706476014, 0.256222813904, 0.225675734663, 0.199292511431, 0.176542376462, 0.157101587397, 0.140835617851, 0.127785829007, 0.118143720169, 0.112186733821
0.4329604, 0.522190693052, 0.752888479636, 1.10531952632, 1.63694215892, 2.53878870223, 4.48462419405, 11.9524652822, 27.4687294718, 7.20420534962, 4.23331350891, 3.08474960285, 2.47013629742, 2.08575208006, 1.82217632654, 1.63018053809, 1.48429117115, 1.36998264903, 1.27835693934, 1.20365545651, 1.14198635433, 1.09062640432, 1.04761591128, 1.01151260927, 0.981236088772, 0.955966309709, 0.935075755514, 0.918083063645, 0.9046205692, 0.894411657285, 0.887255079285, 0.883014015151
0.52367744, 0.544057430241, 0.608131546051, 0.727209617615, 0.930765025579, 1.29784576226, 2.09591127785, 4.94363717453, 31.1299913229, 4.23257303413, 2.12018031122, 1.46236587603, 1.13690271583, 0.941727860448, 0.811525556434, 0.718565853183, 0.649019977059, 0.59520666662, 0.552514446481, 0.518006913094, 0.489726376187, 0.466318845391, 0.44681976213, 0.430525550259, 0.416913242071, 0.40558867567, 0.396252041702, 0.388674504656, 0.38268200433, 0.378144206041, 0.374966477157, 0.373084596645
0.26805296, 0.279664388261, 0.315899579292, 0.382489695029, 0.495155515634, 0.697490873423, 1.1438800905, 2.89769045733, 31.4981198559, 3.2726596388, 1.39551061749, 0.911868841297, 0.692447400738, 0.56653968489, 0.48466356993, 0.42714609402, 0.38458425386, 0.351905174155, 0.326126802906, 0.305379831014, 0.288432888559, 0.274442354813, 0.262811872673, 0.253108991047, 0.245013906064, 0.238286499137, 0.232744832863, 0.22825036484, 0.224697945635, 0.22200901751, 0.220126553672, 0.219011997967
0.12732256, 0.265910514376, 0.505534165439, 0.807396030884, 1.21553224268, 1.83741396341, 2.97411410495, 5.94472075661, 27.0209911905, 12.0305642412, 5.33768473134, 3.5160192365, 2.68160260064, 2.20130465333, 1.88846395067, 1.66838802478, 1.50530102133, 1.37989478094, 1.28082025261, 1.20096492292, 1.13564395674, 1.08164733968, 1.03670485258, 0.999169921382, 0.967823928426, 0.941751629654, 0.920258585383, 0.902815993481, 0.88902239107, 0.878577157197, 0.871262506829, 0.866930702226
2.38689897, 2.42025004842, 2.52616950221, 2.72504905976, 3.06298816722, 3.64519005664, 4.75281622606, 7.44112173415, 19.9625193311, 20.6769694772, 6.50812201986, 3.62419266941, 2.44294645288, 1.80492269464, 1.40837553379, 1.13995575116, 0.947521630324, 0.803760494121, 0.693005865321, 0.605648569646, 0.535485448763, 0.478349350127, 0.431352316991, 0.392444278446, 0.360144342828, 0.333369886415, 0.311325508069, 0.293427197721, 0.27924990114, 0.268489969647, 0.26093757824, 0.256456739961
0.31159236, 0.359149885239, 0.485403899036, 0.676300112472, 0.947088219502, 1.35314447536, 2.04286678378, 3.52038247891, 8.81972907266, 29.3809318414, 6.38376654718, 3.5179358431, 2.51260147546, 1.99349990861, 1.6748977093, 1.45909413409, 1.30332687829, 1.18584514962, 1.09439394357, 1.0215344331, 0.962487994474, 0.914045795483, 0.873975822548, 0.840681319818, 0.812994313737, 0.79004604417, 0.77118294089, 0.755910583711, 0.743855790773, 0.734740485277, 0.728363951046, 0.72459027914
0.04754104, 0.0524822850448, 0.0668450843682, 0.0911974322793, 0.130227972012, 0.197834183401, 0.336186518028, 0.718148534378, 2.69589981154, 31.703859167, 2.71391288886, 0.756721902529, 0.382983045139, 0.251968452228, 0.190040201688, 0.155064260449, 0.132865564246, 0.117600919325, 0.106493674582, 0.0980764797293, 0.0915074434437, 0.086271233769, 0.0820354158085, 0.0785766027768, 0.0757394343941, 0.073413222761, 0.0715173368572, 0.0699926819763, 0.0687954418943, 0.0678937129043, 0.067264707597, 0.0668930950296
0.7093831, 0.736929909908, 0.820932123005, 0.967779223779, 1.19545776297, 1.54705458, 2.12754380311, 3.24377216254, 6.29606339124, 27.1820300925, 11.8453748717, 5.18793065729, 3.36182440368, 2.5358739817, 2.06525577923, 1.76142781238, 1.5494293958, 1.39353310422, 1.27453990335, 1.18121116468, 1.10653272022, 1.04590443557, 0.996188980477, 0.955178785446, 0.921281909927, 0.89332838501, 0.870447149509, 0.851984974904, 0.837452457546, 0.826487015008, 0.818828189534, 0.814300331907
2.12748852, 2.15060074747, 2.22312512287, 2.35579646176, 2.57129789751, 2.9157645635, 3.49092947303, 4.56461203377, 7.12557758106, 18.0957040753, 22.3303588456, 6.70909023882, 3.64923490836, 2.43403794738, 1.78446689258, 1.38200737319, 1.10948778897, 0.913614290336, 0.766659447601, 0.652788228924, 0.562318615602, 0.489018066323, 0.42871542145, 0.378539412079, 0.336478214545, 0.301115479321, 0.271466143555, 0.246871638366, 0.226928077652, 0.211430232356, 0.200317746089, 0.193616029637
0.64071954, 0.64944114282, 0.676742632773, 0.726438038439, 0.806520155144, 0.933025157026, 1.14056308158, 1.51706295637, 2.36465921811, 5.54160254083, 30.7717902906, 4.63430724271, 2.0557914615, 1.33956131932, 1.00410796897, 0.809170325514, 0.682110262759, 0.593177077114, 0.527851810744, 0.478188279787, 0.439469954293, 0.408723074957, 0.383983437458, 0.363905667488, 0.347541373348, 0.334207235718, 0.323403121716, 0.314759275661, 0.308002218064, 0.302931467554, 0.299403998884, 0.297324134324
0.89435869, 0.904798351646, 0.937402575449, 0.996448914168, 1.09075696193, 1.2375649349, 1.47264521824, 1.88167453169, 2.73368746669, 5.53405690607, 30.1545554971, 7.05791763134, 3.03423850303, 1.89610172811, 1.3799217949, 1.08744156101, 0.90036676336, 0.771326458181, 0.677648118306, 0.60712016575, 0.552589082475, 0.509593196908, 0.475212229868, 0.447461208047, 0.424950118924, 0.406682949866, 0.391934224425, 0.380169947952, 0.37099631708, 0.364125628316, 0.359353049143, 0.356541792031
1.85593881, 1.87375786851, 1.929256197, 2.02917178634, 2.18715540976, 2.42911158526, 2.80630325415, 3.43207784569, 4.61199371722, 7.54033934179, 21.1113043351, 19.4208104853, 6.66292260703, 3.79172496527, 2.61298167984, 1.97501529606, 1.57764527457, 1.30828375, 1.11513680649, 0.971048965688, 0.860421883102, 0.773672606525, 0.704603605562, 0.64904327874, 0.604094508317, 0.567696179825, 0.538355836562, 0.514981110867, 0.496770339966, 0.483139849424, 0.473675970082, 0.468102797845
0.78959343, 0.797758094317, 0.823135187127, 0.868625681864, 0.940047656154, 1.04826355848, 1.214245823, 1.48264200051, 1.96633130797, 3.05139646898, 6.99027948127, 30.08819909, 5.39887461148, 2.4793725783, 1.62160531239, 1.21220949653, 0.972345500743, 0.815428104352, 0.705468782443, 0.624741503916, 0.563483529736, 0.515874738391, 0.478234112138, 0.448125845857, 0.423880427507, 0.404322291006, 0.388606846206, 0.37611981417, 0.366412391599, 0.359158907366, 0.354129033203, 0.351169537311
0.83559993, 0.843526207489, 0.86811216862, 0.911995052425, 0.980406897898, 1.08294927385, 1.23770374907, 1.48182702761, 1.90465909662, 2.79132025371, 5.77282445558, 30.0274235938, 7.29647597714, 3.10998537464, 1.92995066201, 1.39944544525, 1.10016909672, 0.909223575467, 0.777753056355, 0.682478748804, 0.610897933218, 0.555700588161, 0.512334331035, 0.47782408429, 0.450151230548, 0.427906154271, 0.410083140201, 0.395954837903, 0.384992206819, 0.376812812662, 0.371147001136, 0.36781564152
1.63397377, 1.6472877349, 1.68848731146, 1.76165416164, 1.87477048436, 2.04214336168, 2.28975434772, 2.66806336767, 3.28754389001, 4.44348658667, 7.26875421583, 19.3829905033, 21.0620213458, 7.02330593864, 3.95113351237, 2.72604255648, 2.0709545192, 1.66541459617, 1.39156598608, 1.19578211408, 1.05013785802, 0.938667522392, 0.851596289645, 0.782620535462, 0.72750926795, 0.683333735706, 0.648019695012, 0.620075890947, 0.598422939862, 0.582284024927, 0.571112939838, 0.564547707306
0.46500907, 0.468407675969, 0.478915933691, 0.497547530322, 0.526283525532, 0.568672269472, 0.631157994647, 0.726274172931, 0.881547928547, 1.17070229457, 1.87125178419, 4.8929350848, 30.9936866542, 4.47554509146, 1.58210073507, 0.912392237988, 0.632399857861, 0.479096235028, 0.38246182331, 0.316179344474, 0.268123059441, 0.231916826559, 0.203886513629, 0.181769791092, 0.164104207898, 0.149909833753, 0.138513386932, 0.129445157427, 0.122375729964, 0.117075447641, 0.113387973182, 0.111212752488
1.40764009, 1.41659392913, 1.44418859863, 1.49278104883, 1.5668920933, 1.67437902802, 1.82888586925, 2.05526687407, 2.40306029664, 2.98653788427, 4.14399556117, 7.50506049907, 27.6174848086, 11.5027816696, 4.61005422596, 2.68602126207, 1.83785029215, 1.36194451678, 1.0574417874, 0.845837532961, 0.690103206504, 0.570469742145, 0.475410096222, 0.397743338396, 0.332760358263, 0.277246457343, 0.228942991151, 0.186246106901, 0.148059984878, 0.113806314239, 0.0837463848608, 0.0602169276138
0.09830736, 0.138489573729, 0.222058586392, 0.324511052501, 0.444790427999, 0.589089493297, 0.769151872641, 1.00552873501, 1.33672420274, 1.84434064001, 2.73780538552, 4.75884957241, 12.0826602084, 27.1979598055, 7.66503531568, 4.21664480488, 3.00983669109, 2.39260377835, 2.01667539091, 1.76409827086, 1.58350534221, 1.4488451858, 1.34547671716, 1.26454117061, 1.2003747959, 1.14920243191, 1.10842822357, 1.07622862607, 1.05130751407, 1.03274477208, 1.01990014739, 1.01235245101
0.14930793, 0.153979103063, 0.167861371307, 0.190827824098, 0.223325643176, 0.266966096401, 0.325246952491, 0.404933985238, 0.519368687748, 0.697701672206, 1.01706561766, 1.76435167879, 4.91015117038, 30.7495600883, 5.45278402474, 2.15442648808, 1.34805180682, 1.00767464998, 0.820576075755, 0.702332225365, 0.62109704005, 0.562183758963, 0.517867682275, 0.483695133353, 0.456920213678, 0.43576331845, 0.419027581928, 0.405886578635, 0.39576110184, 0.388244379499, 0.383055691699, 0.380011537037
0.98646402, 0.994827693347, 1.02046557276, 1.06511585333, 1.13203390415, 1.22666407332, 1.35793602479, 1.5408341465, 1.80186930234, 2.19207460257, 2.82317978643, 3.99576046865, 6.87132029731, 18.5721490582, 21.7350047467, 7.62164854327, 4.40512142595, 3.14690737278, 2.47952129505, 2.06763333769, 1.78990268446, 1.59162256004, 1.4444689171, 1.33231590568, 1.24532797369, 1.17719113802, 1.12369396792, 1.08195073254, 1.04995183531, 1.02629370902, 1.01001219739, 1.00047910737
0.05741856, 0.0587291429154, 0.0626957697731, 0.069461290976, 0.0793817040469, 0.0931936196192, 0.112291742801, 0.139275328275, 0.179179550772, 0.242617324473, 0.355150095628, 0.592266769137, 1.26483973877, 4.60111712873, 31.2993648877, 4.59906981164, 1.29637947381, 0.633930552615, 0.405422595798, 0.299572133269, 0.241172247781, 0.205058361658, 0.180913328958, 0.163870050457, 0.15138215259, 0.142007461649, 0.134877916849, 0.129446206778, 0.125355635299, 0.122370208691, 0.120334062534, 0.119148659811
0.75093377, 0.758056054137, 0.779790467542, 0.817304422994, 0.872774732208, 0.949803837341, 1.05417976773, 1.19529025246, 1.38890606705, 1.66315780546, 2.07300305691, 2.74179258385, 4.01684236272, 7.3703166521, 22.5966516468, 17.5279249699, 7.02422063731, 4.2614422335, 3.11731027928, 2.49623506043, 2.10820718613, 1.84467615609, 1.65578119016, 1.51540193166, 1.40855071844, 1.32604163007, 1.26196519867, 1.21238499705, 1.17462039942, 1.14683179309, 1.12777203444, 1.11663630533
0.30088201, 0.30324508926, 0.310462792116, 0.32294080963, 0.341427430921, 0.367144768344, 0.40202941372, 0.449180411873, 0.51373548069, 0.604728545989, 0.739497053115, 0.955912295468, 1.35506015416, 2.31350067072, 6.19631165174, 30.5834011466, 5.73663661385, 2.24147366499, 1.39861401106, 1.04243357735, 0.846012285598, 0.721798619548, 0.636695396099, 0.575361418586, 0.529688203242, 0.494986043388, 0.4683632431, 0.447953780408, 0.432517252724, 0.421217731907, 0.413496425831, 0.408995931743
0.17219397, 0.186313613519, 0.224684104037, 0.280779080611, 0.351218600307, 0.436094950177, 0.538221702857, 0.663145008117, 0.820182537824, 1.02502549101, 1.30566965069, 1.71716538951, 2.3852049208, 3.67677806336, 7.26289198615, 24.5876990058, 15.0600433304, 6.51381555086, 4.09005395751, 3.05842602516, 2.49153852637, 2.13479761837, 1.89143737857, 1.71663068296, 1.58676729024, 1.48825544444, 1.41275484108, 1.35490876278, 1.31117066948, 1.27915857971, 1.25728420694, 1.24453437532
0.60757706, 0.609905371412, 0.617004134495, 0.629229462024, 0.647226667196, 0.672022990405, 0.705190893796, 0.749138044147, 0.80763637191, 0.886848195488, 0.997483853473, 1.1598722179, 1.4178688559, 1.88664148159, 2.98408758644, 7.14207511028, 29.9032639928, 6.00708852313, 2.33218242448, 1.38216415112, 0.964303959214, 0.727805367651, 0.574983496339, 0.467986340414, 0.3890153405, 0.328619525395, 0.281379850052, 0.244062879841, 0.214744052063, 0.19235383852, 0.176407595876, 0.166795688112
1.04972746, 1.05387816489, 1.06652361525, 1.08826626138, 1.12019174338, 1.16401088423, 1.22230753391, 1.29896485792, 1.39991906374, 1.53455591825, 1.71848560504, 1.97958899438, 2.37298684465, 3.02560054589, 4.31320972509, 7.97724260114, 25.3528091382, 14.2386240136, 5.83276720871, 3.43671782552, 2.42338190195, 1.87006056121, 1.52396689137, 1.28937422418, 1.12208356384, 0.998901697396, 0.906544373951, 0.836922181348, 0.784901318209, 0.747148861964, 0.721501144653, 0.706605626416
0.39575685, 0.397230483544, 0.401717348608, 0.40942235312, 0.420713919003, 0.4361705325, 0.456661886504, 0.483486734625, 0.518615475563, 0.565134024243, 0.628113366051, 0.716466982801, 0.847410322293, 1.05903739128, 1.45510885026, 2.43184789064, 6.46989727718, 30.3513599866, 5.95496231339, 2.14562551138, 1.24496631778, 0.877507106698, 0.679629256595, 0.556551756447, 0.473375224218, 0.414268461282, 0.371019642259, 0.338968058492, 0.315304362166, 0.298273200074, 0.286766828904, 0.280106938876
1.26369437, 1.26757600107, 1.27937309286, 1.29955859259, 1.32897590087, 1.36893375395, 1.42136742365, 1.48910584645, 1.57632142332, 1.68931709047, 1.83797344757, 2.03860559492, 2.32014246783, 2.73927394261, 3.42483933747, 4.74913836302, 8.33961487441, 23.6298337882, 16.3180019574, 6.2807320511, 3.48749008829, 2.33135000683, 1.70018436937, 1.30013033187, 1.02216227812, 0.816505413965, 0.657260227668, 0.529821429342, 0.425748432519, 0.340675717282, 0.273869428461, 0.228775755593
0.05462947, 0.0552441413381, 0.0571041508159, 0.0602627326255, 0.0648240058906, 0.0709666836544, 0.078980529336, 0.089323349577, 0.10271738899, 0.120321023108, 0.144060543398, 0.177314106913, 0.22646612116, 0.304871623506, 0.444719997076, 0.741586628404, 1.59045061168, 5.64457251695, 30.9108663121, 5.63897739054, 1.62778645888, 0.793091976017, 0.50776795095, 0.377030442959, 0.30581099766, 0.262516882452, 0.23427259055, 0.215045989616, 0.20171582245, 0.192551426923, 0.186555181149, 0.183154633305
1.17565311, 1.1789504896, 1.18895802702, 1.20603204233, 1.23080316683, 1.26423828833, 1.30774328827, 1.36332831816, 1.43387575449, 1.52358590558, 1.63874752551, 1.7891453353, 1.99081010962, 2.27189615873, 2.68683856069, 3.35671939772, 4.61749738288, 7.81098974187, 19.7076854118, 20.3664611057, 7.33736359316, 3.95709548321, 2.6499580647, 1.961938372, 1.5377808336, 1.25162898629, 1.04779149057, 0.898122765804, 0.787263561484, 0.706564577663, 0.651225116519, 0.618753962937
0.18638343, 0.187174018739, 0.189575233153, 0.193677990736, 0.199643327068, 0.207718835398, 0.218265223055, 0.231800156591, 0.249069225407, 0.271165140343, 0.299736454657, 0.337374169836, 0.388380972869, 0.460452056307, 0.568824289617, 0.748376598669, 1.0984164899, 2.0189378221, 6.1441496259, 30.4158894992, 6.383138785, 2.20758622784, 1.25129810082, 0.888770588655, 0.704945729788, 0.595922241387, 0.525280416338, 0.477214036761, 0.443840044619, 0.420857019501, 0.405799001518, 0.397251597287
1.04640443, 1.04891283981, 1.05651377472, 1.06944028243, 1.08810177177, 1.11311923939, 1.14538154482, 1.18613515283, 1.23712336038, 1.30080945301, 1.380743564, 1.48219203369, 1.61327584721, 1.78717284385, 2.02676110047, 2.37559589711, 2.92830525729, 3.93653558623, 6.31878231538, 14.1973343528, 25.0691862654, 7.65377545868, 3.68693981342, 2.32902183549, 1.64661860725, 1.23071301655, 0.947824164218, 0.741506752949, 0.584283604804, 0.462363054523, 0.370411013346, 0.310176555167
0.86808617, 0.870029789076, 0.875915471031, 0.88591144147, 0.900312325924, 0.919562707219, 0.944295206897, 0.975389408468, 1.01406312481, 1.06201571525, 1.12165941108, 1.19650756847, 1.29185806507, 1.41607258233, 1.58316895179, 1.81864751292, 2.17460407386, 2.77810789642, 4.04640822093, 8.19704831349, 27.8816806164, 10.8042109347, 4.38413646111, 2.45656547654, 1.62367721577, 1.15723716912, 0.853847118427, 0.636189980726, 0.468250007655, 0.330706400832, 0.212003307196, 0.104771394256
0.10626065, 0.107305480632, 0.110446791895, 0.115709944752, 0.123155215577, 0.132899864367, 0.145146031314, 0.160213985511, 0.178586504841, 0.200972219265, 0.228405826225, 0.262412764273, 0.305296037114, 0.360662992226, 0.43446326331, 0.537225287047, 0.689482151833, 0.937260936589, 1.40792400333, 2.59237976305, 7.35999879857, 30.0725648955, 7.03065893144, 2.68720633254, 1.65795194124, 1.25196942096, 1.03994528364, 0.912689030632, 0.830992912643, 0.777517200676, 0.743608873506, 0.724736896971
0.8638929, 0.865871624884, 0.87186093965, 0.882023615867, 0.896643514937, 0.916145692069, 0.941129280912, 0.972416233624, 1.0111255321, 1.05878541359, 1.11750732121, 1.19026280363, 1.28134110205, 1.39714014809, 1.54761390692, 1.7491138244, 2.03050529711, 2.44805314596, 3.12851707035, 4.43073369677, 7.81083871211, 19.9359469544, 19.9954081581, 7.73886085914, 4.32209247345, 3.01740806671, 2.34800802043, 1.94998418842, 1.69584145636, 1.52997521031, 1.42494137142, 1.36650951872
0.13062174, 0.131382221629, 0.133679459518, 0.137563009764, 0.14312076864, 0.150487665015, 0.159858630432, 0.171507237861, 0.185813075286, 0.203302001596, 0.224707117454, 0.251065334257, 0.283875190292, 0.325368198756, 0.379001887525, 0.450421263218, 0.549510778875, 0.695326637821, 0.930065159021, 1.36921374247, 2.45761601533, 6.92134746317, 29.5722859646, 7.66931640953, 3.05241105201, 1.87140023746, 1.40316639728, 1.16207108482, 1.0207551295, 0.933373916961, 0.879922155853, 0.850802047105
0.71657875, 0.717866898725, 0.721759214302, 0.728341290142, 0.737761182826, 0.750238683308, 0.766079409747, 0.785695903288, 0.809638579417, 0.838641347737, 0.873690175741, 0.916127460766, 0.96781721854, 1.03141432735, 1.11082613506, 1.21204495405, 1.34475867344, 1.52574856822, 1.78692841884, 2.19759883112, 2.9414719544, 4.67575781852, 10.361067741, 27.7435630529, 7.55100223874, 3.1140233325, 1.8129900648, 1.20957475194, 0.852973728174, 0.613609559902, 0.444146661575, 0.332170770328
0.95912706, 0.96080926914, 0.965890912296, 0.974479138275, 0.986759049852, 1.00300452629, 1.02359496471, 1.04903970857, 1.08001392494, 1.11741062046, 1.16241752273, 1.21663232242, 1.28224050431, 1.36229870229, 1.46120450757, 1.58551128813, 1.74543244664, 1.95782378613, 2.25270042749, 2.68944349988, 3.40530854746, 4.80709871278, 8.65995421966, 22.7677801617, 16.9003734663, 6.76189867014, 3.70307492582, 2.47947352245, 1.83786187137, 1.45556765166, 1.22135069785, 1.09148721169
0.36721714, 0.367827673959, 0.369671413372, 0.372784959093, 0.377231765288, 0.383105411607, 0.390535107555, 0.399693701894, 0.410809398472, 0.424182417717, 0.440209961091, 0.459422869179, 0.482542456784, 0.51057048954, 0.54493686572, 0.587756217484, 0.642297690717, 0.713913195282, 0.812052967855, 0.955220447319, 1.1854230766, 1.62191872191, 2.7441780705, 7.48884464243, 29.8758472995, 7.75514106469, 2.68813059836, 1.41152753926, 0.91452489276, 0.660998743716, 0.51663721684, 0.438619088684
0.22892123, 0.229549569273, 0.23144931226, 0.234666049662, 0.239278187784, 0.245401727516, 0.253196890692, 0.262878065655, 0.274728111761, 0.289118553077, 0.306539284865, 0.327641197689, 0.353300724783, 0.384718685885, 0.423576061985, 0.472291500774, 0.534463399974, 0.615674355767, 0.725059829466, 0.878649716817, 1.10736640374, 1.479499366, 2.17999580471, 3.88913601325, 9.82840023563, 28.5180980653, 8.47206202825, 3.85791810512, 2.61072683291, 2.09728239057, 1.84267820103, 1.71841908879
0.13376997, 0.135041690486, 0.138849438731, 0.145178045007, 0.154023202946, 0.16541606349, 0.179447875397, 0.196293398042, 0.216233777079, 0.239682898056, 0.267221850593, 0.299647902908, 0.338047538443, 0.383907319309, 0.439286271641, 0.50709289434, 0.591544231338, 0.698964655074, 0.839254722889, 1.02879427522, 1.29673984739, 1.70051083834, 2.371250983, 3.68687950444, 7.1837889819, 19.186660169, 20.5593262455, 8.92827439978, 5.41870423884, 4.1463656435, 3.56100392581, 3.28595562958
0.18935658, 0.189819789914, 0.191219583536, 0.19358722027, 0.196976529721, 0.201466568554, 0.207166151662, 0.214219683966, 0.22281599117, 0.233200460377, 0.245692430043, 0.260709446954, 0.278803559977, 0.300714114633, 0.327449021515, 0.36041196611, 0.401609717493, 0.454005323529, 0.522152317068, 0.613412683295, 0.740505208097, 0.927476842024, 1.22607187171, 1.77209647924, 3.05697144759, 7.78493573684, 28.0068891921, 9.82086910671, 4.52381475012, 2.97148532446, 2.37749701205, 2.12373585019
0.18382875, 0.184089733962, 0.184876900375, 0.186203016106, 0.188089698171, 0.190568842938, 0.193683749343, 0.197491331989, 0.202065234892, 0.207499852801, 0.213916295109, 0.221470813032, 0.23036679356, 0.240872988166, 0.25335092313, 0.268297884686, 0.286418077439, 0.30874323352, 0.336851009427, 0.373285415242, 0.422431312928, 0.492521717785, 0.600852388577, 0.78974025573, 1.18776233758, 2.33092438414, 7.38545517972, 29.81535414, 7.23648255429, 2.16799653664, 1.01426001207, 0.637806010666
0.50607586, 0.506808735752, 0.509019066471, 0.512742481709, 0.518039809606, 0.525000004426, 0.53374366152, 0.54442904639, 0.557259419283, 0.572494219422, 0.590463356267, 0.611587881552, 0.636409198694, 0.665630117953, 0.700175706151, 0.741284158922, 0.790646745349, 0.850630590232, 0.924647800858, 1.01779481152, 1.13802539721, 1.29845719142, 1.52233126854, 1.85501836252, 2.39825566569, 3.43325885671, 6.00379274001, 14.1026430836, 25.0748208179, 9.33153448166, 5.0781809661, 3.87428709026
0.41101204, 0.411614673661, 0.4134321514, 0.416493901383, 0.420850325743, 0.426574838945, 0.433767046203, 0.442557577899, 0.453114097397, 0.465650004974, 0.480436578718, 0.49781900482, 0.518239787265, 0.54227110427, 0.570662345269, 0.604409751712, 0.644862691863, 0.693889092053, 0.754143067043, 0.829515539514, 0.925930536711, 1.05283887732, 1.22624027702, 1.47542406569, 1.86015227076, 2.52365868837, 3.90892707248, 7.96860896054, 22.2954215933, 17.0280173628, 8.41331237567, 5.77294022822
0.4982705, 0.498898048162, 0.500788928681, 0.503967979954, 0.508477584289, 0.514379128355, 0.521755057443, 0.530711914966, 0.541384555356, 0.553941547137, 0.568592607708, 0.585598341103, 0.60528398007, 0.628057555892, 0.654435669911, 0.685080334473, 0.720852112795, 0.762890188989, 0.812735656409, 0.872530321074, 0.945350661581, 1.03580431715, 1.15117357624, 1.3038227668, 1.51694010073, 1.84081058093, 2.41194705732, 3.75760806811, 8.88044315979, 29.1442532898, 8.94325065643, 2.54801280696
0.03968902, 0.0397614988169, 0.0399803371461, 0.0403497159095, 0.0408770142312, 0.0415727358833, 0.0424514665955, 0.0435323956086, 0.0448402139546, 0.0464069114605, 0.0482731403494, 0.0504915202724, 0.0531300478136, 0.0562776864349, 0.0600521353961, 0.0646116330039, 0.0701726600006, 0.0770374248812, 0.0856386131341, 0.0966136855163, 0.110933798547, 0.130140896433, 0.156807230524, 0.195497438248, 0.254975509057, 0.353912868939, 0.538233924382, 0.947227377317, 2.15710395834, 7.46444533992, 29.5568951257, 6.96899433272
0.5639364, 0.564628464157, 0.566713360981, 0.570217171427, 0.575184530462, 0.581679752005, 0.589788949218, 0.599623116135, 0.611322136049, 0.625059585016, 0.641050255183, 0.659558735206, 0.680912031882, 0.705515627701, 0.733876076504, 0.76663177023, 0.804596389197, 0.84882133713, 0.900687712972, 0.962045643018, 1.03543196798, 1.12442482, 1.23424796198, 1.37286097363, 1.55307309397, 1.79702859339, 2.14694616343, 2.69542125016, 3.69274617273, 6.03797700819, 13.0456355082, 24.1956091987
